#
# Sprite sheet data for Unity.
#
# To import these sprites into your Unity project, download "TexturePackerImporter":
# https://www.codeandweb.com/texturepacker/unity
#
# $TexturePacker:SmartUpdate:ea479c546f6dbae7489a7609b5991de7:b2af1e7d9527869dde85c6acd58ef541:894f0e07a39fdb74e3d0cbb8553ffb60$
#
:format=40300
:texture=purpleBox.png
:size=1024x1024
:pivotpoints=enabled
:borders=disabled
:alphahandling=ClearTransparentPixels

purpleBoxOpen0001;508;257;182;195; 0.5054945054945055;1.117948717948718; 0;0;0;0; 7;176;189;182;83;147;0;34;7;8;68;0;186;75;195; 5;4;5;6;1;2;4;2;3;4;1;4;6;0;1;6
purpleBoxOpen0002;506;452;183;198; 0.5136612021857924;1.0858585858585859; 0;0;0;0; 8;183;184;183;75;151;6;39;0;8;71;0;142;12;194;150;198; 6;5;6;7;1;5;7;1;2;4;2;3;4;1;4;5;0;1;7
purpleBoxOpen0003;326;99;207;204; 0.4975845410628019;1.0343137254901962; 0;0;0;0; 7;207;140;166;2;46;0;21;60;0;145;13;204;194;204; 5;4;5;6;0;4;6;0;3;4;1;2;3;0;1;3
purpleBoxOpen0004;686;738;252;285; 0.5119047619047619;0.743859649122807; 0;0;0;0; 10;252;284;242;211;213;142;208;51;189;9;68;0;48;60;46;159;19;201;0;285; 8;1;7;8;4;5;6;3;4;6;2;3;6;2;6;7;1;2;7;0;1;8;0;8;9
purpleBoxOpen0005;1;601;254;422; 0.5078740157480315;0.490521327014218; 0;0;0;0; 12;254;406;254;329;210;131;210;55;187;0;59;6;48;61;43;170;0;334;6;410;53;421;209;422; 10;1;10;11;8;9;10;1;8;10;1;2;7;2;3;6;4;5;6;3;4;6;2;6;7;1;7;8;0;1;11
purpleBoxOpen0006;257;586;232;437; 0.4956896551724138;0.4759725400457666; 0;0;0;0; 12;225;421;232;376;197;135;197;60;172;0;53;8;34;57;23;214;1;347;0;405;15;432;169;437; 10;8;10;11;8;9;10;1;8;11;1;2;7;5;3;4;5;6;3;2;3;6;2;6;7;1;7;8;0;1;11
purpleBoxOpen0007;488;652;201;371; 0.5024875621890548;0.5444743935309972; 0;0;0;0; 10;175;369;201;345;182;99;182;51;161;0;47;1;20;28;20;62;0;358;40;371; 8;7;8;9;3;4;5;5;6;7;3;5;7;2;3;7;2;7;9;1;2;9;0;1;9
purpleBoxOpen0008;1;289;177;313; 0.5084745762711864;0.6613418530351438; 0;0;0;0; 8;156;311;177;293;170;43;149;5;98;0;23;5;10;57;0;313; 6;4;5;6;2;3;4;2;4;6;1;2;6;1;6;7;0;1;7
purpleBoxOpen0009;180;302;167;289; 0.49700598802395207;0.7301038062283737; 0;0;0;0; 7;146;288;167;267;162;54;141;0;21;6;2;64;0;289; 5;2;3;4;2;4;5;1;2;5;1;5;6;0;1;6
purpleBoxOpen0010;1;2;162;286; 0.5123456790123457;0.7342657342657343; 0;0;0;0; 7;162;270;162;29;134;1;23;0;5;51;0;280;134;286; 5;4;5;6;1;2;4;2;3;4;0;1;4;0;4;6
purpleBoxOpen0011;349;305;156;279; 0.5;0.7562724014336918; 0;0;0;0; 4;156;0;0;0;0;279;156;279; 2;1;2;3;0;1;3
purpleBoxOpen0012;165;18;160;282; 0.49375;0.7588652482269503; 0;0;0;0; 6;155;47;134;0;22;2;0;57;1;280;160;282; 4;3;4;5;0;3;5;2;3;0;2;0;1
purpleBoxOpen0013;165;18;160;282; 0.49375;0.7588652482269503; 0;0;0;0; 6;155;47;134;0;22;2;0;57;1;280;160;282; 4;3;4;5;0;3;5;2;3;0;2;0;1
